0 0 1 1 0 0 0 25 96;
1 0 1 1 33 0 0 43 111;
2 3 1 1 75 0 0 25 96;
3 0 1 2 0 0 0 25 110;
4 3 1 2 25 0 0 25 119;
5 3 1 2 75 0 0 25 102;
6 8 1 3 0 0 0 25 120;
7 8 1 3 42 0 0 17 96;
8 8 1 3 75 0 0 17 96;
9 10 1 4 25 0 0 17 116;
10 10 1 4 67 0 0 17 127;
11 0 2 1 0 0 0 12 96;
12 0 2 1 42 0 0 33 116;
13 0 2 1 75 0 0 24 96;
14 0 2 2 0 0 0 12 96;
15 0 2 2 12 0 0 12 96;
16 7 2 2 42 0 0 8 96;
17 8 2 2 50 0 0 8 96;
18 7 2 2 58 0 0 33 109;
19 10 2 3 0 0 0 25 96;
20 8 2 3 42 0 0 25 124;
21 10 2 3 75 0 0 25 96;
22 8 2 4 24 0 0 28 96;
23 5 2 4 50 0 0 17 96;
24 2 2 4 73 0 0 17 122;
