0 0 1 1 0 0 0 25 122;
12 0 1 1 49 0 0 11 118;
2 2 1 1 75 0 0 10 96;
8 3 1 2 0 0 0 25 96;
6 9 1 2 25 0 0 25 117;
15 2 1 2 75 0 0 25 103;
22 5 1 3 0 0 0 25 96;
26 2 1 3 75 0 0 9 94;
10 3 1 4 0 0 0 25 96;
23 2 1 4 25 0 0 14 94;
16 5 1 4 50 0 0 25 96;
14 3 1 4 75 0 0 25 96;
13 7 2 1 0 0 0 8 118;
18 5 2 1 50 0 0 12 122;
9 8 2 2 0 0 0 25 96;
20 7 2 2 50 0 0 8 96;
21 3 2 2 75 0 0 25 96;
19 0 2 3 1 0 0 13 96;
17 0 2 3 26 0 0 9 117;
27 9 2 4 0 0 0 12 94;
28 10 2 4 12 0 0 12 94;
29 9 2 4 25 0 0 12 94;
4 8 2 4 37 0 0 12 118;
25 7 2 4 50 0 0 12 118;
24 5 2 4 62 0 0 12 118;
7 3 2 4 75 0 0 12 96;
5 2 2 4 87 0 0 12 96;
