0 3 1 1 0 0 0 25 96;
1 0 1 1 0 0 0 25 96;
2 5 1 1 25 0 0 25 104;
3 2 1 1 25 0 0 25 104;
4 4 1 1 49 0 0 25 75;
5 3 1 1 75 0 0 25 103;
6 6 1 1 75 0 0 25 105;
7 7 1 2 0 0 0 25 96;
8 3 1 2 25 0 0 25 43;
9 5 1 2 50 0 0 25 120;
10 2 1 2 50 0 0 25 123;
11 10 1 2 50 0 0 25 126;
12 2 1 3 0 0 0 25 109;
13 5 1 3 0 0 0 25 104;
14 8 1 3 0 0 0 25 109;
15 1 1 3 25 0 0 25 75;
16 7 1 3 50 0 0 25 96;
17 3 1 3 50 0 0 25 96;
18 0 1 3 50 0 0 25 96;
19 7 1 3 75 0 0 25 127;
20 3 1 3 75 0 0 25 127;
21 0 1 4 0 0 0 25 75;
22 0 1 4 25 0 0 25 75;
23 12 1 4 79 0 0 50 96;
24 7 2 2 0 0 0 25 96;
25 3 2 2 0 0 0 25 96;
26 0 2 2 0 0 0 25 96;
27 10 2 2 75 0 0 25 96;
28 5 2 2 75 0 0 25 96;
29 2 2 2 75 0 0 25 96;
30 3 2 3 25 0 0 25 96;
31 9 2 3 25 0 0 25 96;
32 14 2 3 25 0 0 25 96;
33 12 2 3 75 0 0 25 96;
34 5 2 3 75 0 0 25 96;
35 2 2 3 75 0 0 25 96;
36 5 2 4 25 0 0 25 96;
37 10 2 4 25 0 0 25 96;
38 7 2 4 50 0 0 25 96;
39 2 2 4 50 0 0 25 96;
40 11 2 4 50 0 0 25 96;
41 3 2 4 75 0 0 25 96;
