0 7 1 1 0 0 0 25 96;
1 3 1 1 0 0 0 25 96;
2 0 1 1 0 0 0 25 96;
3 10 1 1 75 0 0 25 102;
4 5 1 1 75 0 0 25 110;
5 2 1 1 75 0 0 25 100;
6 3 1 2 25 0 0 25 109;
7 14 1 2 25 0 0 25 114;
8 9 1 2 25 0 0 25 113;
9 2 1 2 75 0 0 25 96;
10 5 1 2 75 0 0 25 96;
11 12 1 2 75 0 0 25 96;
12 10 1 3 25 0 0 25 86;
13 5 1 3 25 0 0 25 79;
14 2 1 3 50 0 0 25 123;
15 7 1 3 50 0 0 25 118;
16 11 1 3 50 0 0 25 124;
17 3 1 3 75 0 0 25 74;
18 3 1 4 0 0 0 25 96;
19 0 1 4 0 0 0 25 96;
20 5 1 4 25 0 0 25 116;
21 2 1 4 25 0 0 25 113;
22 4 1 4 50 0 0 25 60;
23 6 1 4 75 0 0 25 96;
24 3 1 4 75 0 0 25 96;
25 7 2 1 0 0 0 25 115;
26 3 2 1 25 0 0 25 50;
27 10 2 1 50 0 0 25 96;
28 5 2 1 50 0 0 25 96;
29 2 2 1 50 0 0 25 96;
30 2 2 2 0 0 0 25 96;
31 5 2 2 0 0 0 25 96;
32 8 2 2 0 0 0 25 96;
33 1 2 2 25 0 0 25 67;
34 7 2 2 50 0 0 25 96;
35 3 2 2 50 0 0 25 96;
36 0 2 2 50 0 0 25 96;
37 3 2 2 75 0 0 25 125;
38 7 2 2 75 0 0 25 127;
39 0 2 3 0 0 0 25 103;
40 0 2 3 25 0 0 25 127;
