0 1 1 1 0 0 0 6 100;
1 7 1 1 0 0 0 12 121;
2 1 1 1 33 0 0 12 80;
3 9 1 1 50 0 0 6 91;
4 11 1 1 50 0 0 12 100;
5 10 1 1 83 0 0 6 60;
6 1 1 1 83 0 0 12 79;
7 10 1 2 0 0 0 6 100;
8 1 1 2 0 0 0 6 100;
9 10 1 2 33 0 0 6 60;
10 1 1 2 33 0 0 12 88;
11 10 1 2 50 0 0 6 100;
12 11 1 2 50 0 0 12 100;
13 10 1 2 83 0 0 6 60;
14 1 1 2 83 0 0 12 71;
15 10 1 3 0 0 0 6 100;
16 1 1 3 0 0 0 12 100;
17 10 1 3 33 0 0 6 60;
18 1 1 3 33 0 0 12 82;
19 10 1 3 50 0 0 6 100;
20 11 1 3 50 0 0 12 100;
21 10 1 3 83 0 0 6 60;
22 1 1 3 83 0 0 12 100;
23 10 1 4 0 0 0 6 100;
24 10 1 4 33 0 0 6 60;
25 1 1 4 33 0 0 12 100;
26 10 1 4 50 0 0 6 100;
27 11 1 4 50 0 0 12 100;
28 10 1 4 67 0 0 12 82;
29 8 1 4 83 0 0 12 100;
30 1 1 4 83 0 0 12 80;
31 1 2 1 0 0 0 6 100;
32 10 2 1 0 0 0 12 100;
33 10 2 1 33 0 0 6 60;
34 1 2 1 33 0 0 12 80;
35 10 2 1 50 0 0 6 100;
36 11 2 1 50 0 0 12 100;
37 10 2 1 83 0 0 6 60;
38 1 2 1 83 0 0 12 79;
39 10 2 2 0 0 0 6 100;
40 1 2 2 0 0 0 6 100;
41 10 2 2 33 0 0 6 60;
42 1 2 2 33 0 0 12 88;
43 10 2 2 50 0 0 6 100;
44 11 2 2 50 0 0 12 100;
45 10 2 2 83 0 0 6 60;
46 1 2 2 83 0 0 12 71;
47 10 2 3 0 0 0 6 100;
48 1 2 3 0 0 0 12 100;
49 10 2 3 33 0 0 6 60;
50 1 2 3 33 0 0 12 82;
51 10 2 3 50 0 0 6 100;
52 11 2 3 50 0 0 12 100;
53 10 2 3 83 0 0 6 60;
54 1 2 3 83 0 0 12 100;
55 10 2 4 0 0 0 6 100;
56 10 2 4 33 0 0 6 60;
57 1 2 4 33 0 0 12 100;
58 10 2 4 50 0 0 6 100;
59 11 2 4 50 0 0 12 100;
60 10 2 4 67 0 0 12 85;
61 8 2 4 83 0 0 12 100;
62 1 2 4 83 0 0 12 80;
63 1 3 1 0 0 0 6 100;
64 7 3 1 0 0 0 12 121;
65 1 3 1 33 0 0 12 80;
66 9 3 1 50 0 0 6 91;
67 11 3 1 50 0 0 12 100;
68 10 3 1 83 0 0 6 60;
69 1 3 1 83 0 0 12 79;
70 1 3 2 0 0 0 6 100;
71 10 3 2 0 0 0 6 100;
72 10 3 2 33 0 0 6 60;
73 1 3 2 33 0 0 12 88;
74 10 3 2 50 0 0 6 100;
75 11 3 2 50 0 0 12 100;
76 10 3 2 83 0 0 6 60;
77 1 3 2 83 0 0 12 100;
78 10 3 3 0 0 0 6 100;
79 10 3 3 33 0 0 6 60;
80 1 3 3 33 0 0 12 82;
81 10 3 3 50 0 0 6 100;
82 11 3 3 50 0 0 12 100;
83 10 3 3 83 0 0 6 60;
84 1 3 3 83 0 0 12 100;
85 10 3 4 0 0 0 6 100;
86 10 3 4 17 0 0 12 66;
87 10 3 4 33 0 0 6 60;
88 1 3 4 33 0 0 12 100;
89 10 3 4 50 0 0 6 100;
90 11 3 4 50 0 0 12 100;
91 10 3 4 67 0 0 12 63;
92 8 3 4 83 0 0 12 100;
93 1 3 4 83 0 0 12 80;
94 1 4 1 0 0 0 6 100;
95 10 4 1 0 0 0 12 100;
96 10 4 1 33 0 0 6 60;
97 1 4 1 33 0 0 12 80;
98 10 4 1 50 0 0 6 100;
99 11 4 1 50 0 0 12 100;
100 10 4 1 83 0 0 6 60;
101 1 4 1 83 0 0 12 79;
102 10 4 2 0 0 0 6 100;
103 1 4 2 0 0 0 6 100;
104 10 4 2 33 0 0 6 60;
105 1 4 2 33 0 0 12 88;
106 10 4 2 50 0 0 6 100;
107 11 4 2 50 0 0 12 100;
108 10 4 2 83 0 0 6 60;
109 1 4 2 83 0 0 12 100;
110 1 4 3 0 0 0 6 100;
111 10 4 3 0 0 0 12 100;
112 10 4 3 33 0 0 6 60;
113 1 4 3 33 0 0 12 80;
114 11 4 3 50 0 0 12 100;
115 9 4 3 50 0 0 12 100;
116 9 4 3 83 0 0 6 60;
117 1 4 3 83 0 0 12 79;
118 1 4 4 0 0 0 6 100;
119 8 4 4 0 0 0 6 100;
120 11 4 4 19 0 0 6 33;
121 11 4 4 25 0 0 6 46;
122 11 4 4 33 0 0 6 100;
123 11 4 4 50 0 0 6 100;
124 1 4 4 67 0 0 6 85;
125 11 4 4 83 0 0 17 88;
