43 9 1 1 0 0 0 25 86;
12 1 1 1 0 0 0 25 92;
11 1 1 1 50 0 0 25 99;
8 1 1 2 50 0 0 25 90;
45 11 1 2 75 0 0 25 101;
26 8 1 3 0 0 0 25 99;
7 1 1 3 25 0 0 25 110;
27 1 1 3 50 0 0 25 110;
47 8 1 4 0 0 0 25 71;
6 1 1 3 75 0 0 25 67;
5 10 1 4 29 0 0 25 95;
4 1 1 4 50 0 0 25 62;
29 10 1 4 75 0 0 25 96;
49 7 1 4 75 0 0 25 97;
3 1 2 1 25 0 0 25 94;
2 1 2 1 50 0 0 25 107;
0 11 2 1 75 0 0 25 80;
53 7 2 2 25 0 0 25 78;
28 8 2 2 75 0 0 25 107;
13 1 2 2 50 0 0 25 90;
37 8 2 3 25 0 0 25 102;
15 1 2 3 25 0 0 25 76;
16 1 2 3 75 0 0 25 78;
39 7 2 4 0 0 0 25 82;
17 11 2 4 0 0 0 25 80;
40 8 2 4 25 0 0 25 79;
41 9 2 4 50 0 0 25 74;
26 10 2 4 50 0 0 25 64;
18 1 2 4 50 0 0 25 102;
42 7 2 4 75 0 0 25 78;
