12 1 1 1 0 0 0 25 100;
22 10 1 1 50 0 0 25 51;
44 9 1 2 0 0 0 25 99;
10 11 1 2 0 0 0 25 81;
51 8 1 2 25 0 0 25 78;
24 10 1 2 50 0 0 25 75;
21 10 1 2 50 0 0 25 63;
8 1 1 2 50 0 0 25 75;
54 1 1 2 75 0 0 25 80;
45 9 1 2 75 0 0 25 94;
9 1 1 2 75 0 0 25 89;
46 8 1 3 25 0 0 25 101;
7 1 1 3 25 0 0 25 73;
20 10 1 3 50 0 0 25 32;
20 10 1 3 50 0 0 25 28;
47 8 1 3 75 0 0 25 78;
6 1 1 3 75 0 0 25 85;
5 11 1 4 0 0 0 25 94;
48 9 1 4 25 0 0 25 90;
19 10 1 4 50 0 0 25 67;
4 1 1 4 50 0 0 25 87;
49 7 1 4 75 0 0 25 82;
3 1 2 1 0 0 0 25 98;
50 9 2 1 25 0 0 25 88;
51 7 2 1 50 0 0 25 28;
23 10 2 1 50 0 0 25 72;
2 1 2 1 50 0 0 25 75;
1 1 2 1 75 0 0 25 101;
52 9 2 2 0 0 0 25 104;
0 11 2 2 0 0 0 25 84;
53 7 2 2 25 0 0 25 84;
24 10 2 2 50 0 0 25 28;
13 1 2 2 50 0 0 25 77;
54 9 2 2 75 0 0 25 28;
14 1 2 2 75 0 0 25 96;
36 9 2 3 0 0 0 25 79;
37 8 2 3 25 0 0 25 83;
15 1 2 3 25 0 0 25 76;
38 9 2 3 50 0 0 25 82;
25 10 2 3 50 0 0 25 70;
16 1 2 3 75 0 0 25 79;
39 7 2 4 0 0 0 25 75;
17 11 2 4 0 0 0 25 87;
40 8 2 4 25 0 0 25 77;
41 9 2 4 50 0 0 25 99;
26 10 2 4 50 0 0 25 48;
18 1 2 4 50 0 0 25 83;
42 7 2 4 75 0 0 25 101;
