0 0 0 0 0 0 0 0 0;
1 9 1 1 0 0 0 25 121;
2 10 1 1 25 0 0 12 60;
3 10 1 1 50 0 0 12 74;
4 10 1 1 75 0 0 12 46;
5 11 1 2 0 0 0 25 100;
6 10 1 2 25 0 0 12 60;
7 10 1 2 50 0 0 12 69;
8 10 1 2 75 0 0 25 100;
9 1 1 2 75 0 0 25 100;
10 10 1 3 0 0 0 12 49;
11 7 1 3 25 0 0 25 100;
12 1 1 3 50 0 0 12 100;
13 10 1 3 50 0 0 25 100;
14 10 1 3 75 0 0 12 44;
15 11 1 4 0 0 0 25 100;
16 10 1 4 25 0 0 12 63;
17 10 1 4 50 0 0 12 71;
18 10 1 4 75 0 0 12 55;
19 1 1 4 75 0 0 25 63;
20 1 2 1 0 0 0 12 100;
21 10 2 1 0 0 0 25 100;
22 10 2 1 25 0 0 12 60;
23 10 2 1 50 0 0 12 69;
24 10 2 1 75 0 0 12 60;
25 11 2 2 0 0 0 25 100;
26 10 2 2 25 0 0 12 60;
27 10 2 2 50 0 0 12 69;
28 1 2 2 50 0 0 25 63;
29 1 2 2 75 0 0 25 100;
30 10 2 2 75 0 0 25 100;
31 10 2 3 0 0 0 12 49;
32 7 2 3 25 0 0 25 100;
33 1 2 3 50 0 0 12 100;
34 10 2 3 50 0 0 25 100;
35 10 2 3 75 0 0 12 60;
36 11 2 4 0 0 0 25 100;
37 10 2 4 25 0 0 12 60;
38 10 2 4 50 0 0 12 69;
39 10 2 4 75 0 0 12 60;
40 1 2 4 75 0 0 25 63;
41 1 3 1 0 0 0 12 100;
42 10 3 1 0 0 0 25 100;
43 10 3 1 25 0 0 12 60;
44 10 3 1 50 0 0 12 74;
45 10 3 1 75 0 0 12 46;
46 11 3 2 0 0 0 25 100;
47 10 3 2 25 0 0 12 60;
48 10 3 2 50 0 0 12 69;
49 10 3 2 75 0 0 25 100;
50 1 3 2 75 0 0 25 100;
51 10 3 3 0 0 0 12 49;
52 7 3 3 25 0 0 25 100;
53 1 3 3 50 0 0 12 100;
54 10 3 3 50 0 0 25 100;
55 10 3 3 75 0 0 12 44;
56 11 3 4 0 0 0 25 100;
57 10 3 4 25 0 0 12 63;
58 10 3 4 50 0 0 12 71;
59 10 3 4 75 0 0 12 55;
60 1 3 4 75 0 0 25 63;
61 1 4 1 0 0 0 12 100;
62 10 4 1 0 0 0 12 100;
63 10 4 1 25 0 0 12 60;
64 10 4 1 50 0 0 12 69;
65 10 4 1 75 0 0 12 60;
66 11 4 2 0 0 0 25 100;
67 10 4 2 25 0 0 12 60;
68 10 4 2 50 0 0 12 69;
69 1 4 2 50 0 0 25 63;
70 1 4 2 75 0 0 25 100;
71 10 4 2 75 0 0 25 100;
72 10 4 2 75 0 0 25 100;
73 1 4 2 75 0 0 25 100;
74 10 4 3 0 0 0 25 77;
75 10 4 3 0 0 0 12 49;
76 10 4 3 25 0 0 25 93;
77 10 4 3 25 0 0 25 71;
78 1 4 3 25 0 0 25 57;
79 7 4 3 50 0 0 25 100;
80 1 4 3 50 0 0 25 100;
81 1 4 3 50 0 0 12 100;
82 9 4 3 75 0 0 25 100;
83 11 4 4 0 0 0 25 100;
84 10 4 4 0 0 0 12 100;
85 11 4 4 0 0 0 25 100;
86 1 4 4 25 0 0 25 85;
87 10 4 4 25 0 0 12 60;
88 11 4 4 50 0 0 12 91;
89 10 4 4 51 0 0 25 33;
90 10 4 4 67 0 0 25 69;
91 11 4 4 75 0 0 25 85;
92 10 4 4 78 0 0 22 35;
93 10 4 4 89 0 0 11 77;
