0 1 1 1 0 0 0 12 100;
1 8 1 1 0 0 0 25 121;
2 11 1 1 25 0 0 12 60;
3 11 1 1 50 0 0 12 74;
4 11 1 1 75 0 0 12 46;
5 10 1 2 0 0 0 25 100;
6 11 1 2 25 0 0 12 60;
7 11 1 2 50 0 0 12 69;
8 11 1 2 75 0 0 25 100;
9 1 1 2 75 0 0 25 100;
10 11 1 3 0 0 0 12 49;
11 9 1 3 25 0 0 25 100;
12 1 1 3 50 0 0 12 100;
13 11 1 3 50 0 0 25 100;
14 11 1 3 75 0 0 12 44;
15 10 1 4 0 0 0 25 100;
16 11 1 4 25 0 0 12 63;
17 11 1 4 50 0 0 12 71;
18 11 1 4 75 0 0 12 55;
19 1 1 4 75 0 0 25 63;
20 1 2 1 0 0 0 12 100;
21 11 2 1 0 0 0 25 100;
22 11 2 1 25 0 0 12 60;
23 11 2 1 50 0 0 12 69;
24 11 2 1 75 0 0 12 60;
25 10 2 2 0 0 0 25 100;
26 11 2 2 25 0 0 12 60;
27 11 2 2 50 0 0 12 69;
28 1 2 2 50 0 0 25 63;
29 1 2 2 75 0 0 25 100;
30 11 2 2 75 0 0 25 100;
31 11 2 3 0 0 0 12 49;
32 9 2 3 25 0 0 25 100;
33 1 2 3 50 0 0 12 100;
34 11 2 3 50 0 0 25 100;
35 11 2 3 75 0 0 12 60;
36 10 2 4 0 0 0 25 100;
37 11 2 4 25 0 0 12 60;
38 11 2 4 50 0 0 12 69;
39 11 2 4 75 0 0 12 60;
40 1 2 4 75 0 0 25 63;
41 1 3 1 0 0 0 12 100;
42 11 3 1 0 0 0 25 100;
43 11 3 1 25 0 0 12 60;
44 11 3 1 50 0 0 12 74;
45 11 3 1 75 0 0 12 46;
46 10 3 2 0 0 0 25 100;
47 11 3 2 25 0 0 12 60;
48 11 3 2 50 0 0 12 69;
49 11 3 2 75 0 0 25 100;
50 1 3 2 75 0 0 25 100;
51 11 3 3 0 0 0 12 49;
52 9 3 3 25 0 0 25 100;
53 1 3 3 50 0 0 12 100;
54 11 3 3 50 0 0 25 100;
55 11 3 3 75 0 0 12 44;
56 10 3 4 0 0 0 25 100;
57 11 3 4 25 0 0 12 63;
58 11 3 4 50 0 0 12 71;
59 11 3 4 75 0 0 12 55;
60 1 3 4 75 0 0 25 63;
61 1 4 1 0 0 0 12 100;
62 11 4 1 0 0 0 12 100;
63 11 4 1 25 0 0 12 60;
64 11 4 1 50 0 0 12 69;
65 11 4 1 75 0 0 12 60;
66 10 4 2 0 0 0 25 100;
67 11 4 2 25 0 0 12 60;
68 11 4 2 50 0 0 12 69;
69 1 4 2 50 0 0 25 63;
70 1 4 2 75 0 0 25 100;
71 11 4 2 75 0 0 25 100;
72 11 4 3 0 0 0 25 77;
73 11 4 3 25 0 0 25 93;
74 9 4 3 50 0 0 25 100;
75 1 4 3 50 0 0 25 100;
76 10 4 4 0 0 0 25 100;
77 1 4 4 25 0 0 25 85;
78 10 4 4 50 0 0 12 91;
79 10 4 4 75 0 0 25 85;
