0 12 1 1 0 0 1 25 110;
1 19 1 1 0 0 1 25 110;
2 27 1 1 0 0 1 25 110;
3 0 1 1 0 0 1 25 110;
4 12 1 2 50 0 0 46 81;
5 19 1 2 50 0 0 46 81;
6 24 1 2 50 0 0 46 81;
7 0 1 2 50 0 0 46 81;
8 12 1 3 51 0 0 46 103;
9 19 1 3 51 0 0 46 103;
10 27 1 3 51 0 0 46 103;
11 0 1 3 51 0 0 46 103;
12 12 1 4 51 0 0 46 85;
13 19 1 4 51 0 0 46 85;
14 27 1 4 51 0 0 46 85;
15 0 1 4 51 0 0 46 85;
16 20 2 1 1 0 0 46 107;
17 24 2 1 1 0 0 46 107;
18 8 2 1 1 0 0 46 107;
19 20 2 1 78 0 0 46 85;
20 22 2 1 78 0 0 46 85;
21 8 2 1 78 0 0 46 85;
22 17 2 2 52 0 0 50 103;
23 22 2 2 52 0 0 50 103;
24 5 2 2 52 0 0 50 103;
25 17 2 3 52 0 0 46 88;
26 5 2 3 52 0 0 46 88;
27 24 2 3 52 0 0 46 88;
28 17 2 4 29 0 0 46 107;
29 5 2 4 29 0 0 46 107;
30 24 2 4 29 0 0 46 107;
31 12 3 1 2 0 0 46 116;
32 19 3 1 2 0 0 46 116;
33 27 3 1 2 0 0 46 116;
34 0 3 1 2 0 0 46 116;
35 12 3 1 79 0 0 46 100;
36 19 3 1 79 0 0 46 100;
37 24 3 1 79 0 0 46 100;
38 0 3 1 79 0 0 46 100;
39 12 3 2 53 0 0 25 81;
40 19 3 2 53 0 0 25 81;
41 24 3 2 53 0 0 25 81;
42 0 3 2 53 0 0 25 81;
43 12 3 3 3 0 0 17 79;
44 19 3 3 3 0 0 17 79;
45 0 3 3 3 0 0 17 79;
46 24 3 3 3 0 0 17 79;
47 12 3 3 30 0 0 100 110;
48 19 3 3 30 0 0 100 110;
49 27 3 3 30 0 0 100 110;
50 0 3 3 30 0 0 100 110;
51 12 3 4 53 0 0 46 100;
52 19 3 4 53 0 0 46 100;
53 27 3 4 53 0 0 46 100;
54 0 3 4 53 0 0 46 100;
55 20 4 1 3 0 0 46 100;
56 24 4 1 3 0 0 46 100;
57 8 4 1 3 0 0 46 100;
58 20 4 1 81 0 0 46 100;
59 22 4 1 81 0 0 46 100;
60 8 4 1 81 0 0 46 100;
61 17 4 2 54 0 0 46 100;
62 22 4 2 54 0 0 46 100;
63 5 4 2 54 0 0 46 100;
64 17 4 3 54 0 0 50 105;
65 24 4 3 54 0 0 50 105;
66 5 4 3 54 0 0 50 105;
67 19 4 4 4 0 0 25 94;
68 22 4 4 4 0 0 25 94;
69 7 4 4 4 0 0 25 94;
70 19 4 4 54 0 0 46 107;
71 26 4 4 54 0 0 46 107;
72 7 4 4 54 0 0 46 107;
