0 0 0 0 0 0 0 0 0;
1 19 1 1 0 0 0 63 110;
2 27 1 1 0 0 0 63 110;
3 0 1 1 0 0 0 63 110;
4 12 1 1 75 0 0 23 81;
5 19 1 1 75 0 0 23 81;
6 24 1 1 75 0 0 23 81;
7 0 1 1 75 0 0 23 81;
8 20 1 3 1 0 0 23 107;
9 24 1 3 1 0 0 23 107;
10 8 1 3 1 0 0 23 107;
11 20 1 3 39 0 0 23 85;
12 22 1 3 39 0 0 23 85;
13 8 1 3 39 0 0 23 85;
14 17 1 3 76 0 0 25 103;
15 22 1 3 76 0 0 25 103;
16 5 1 3 76 0 0 25 103;
17 20 2 3 2 0 0 23 100;
18 24 2 3 2 0 0 23 100;
19 8 2 3 2 0 0 23 100;
20 20 2 3 40 0 0 23 100;
21 22 2 3 40 0 0 23 100;
22 8 2 3 40 0 0 23 100;
23 17 2 3 77 0 0 23 100;
24 22 2 3 77 0 0 23 100;
25 5 2 3 77 0 0 23 100;
26 19 2 4 52 0 0 12 94;
27 22 2 4 52 0 0 12 94;
28 7 2 4 52 0 0 12 94;
29 19 2 4 77 0 0 23 107;
30 26 2 4 77 0 0 23 107;
31 7 2 4 77 0 0 23 107;
