0 12 1 1 0 0 0 63 110;
1 19 1 1 0 0 0 63 110;
2 27 1 1 0 0 0 63 110;
3 0 1 1 0 0 0 63 110;
4 12 1 1 75 0 0 23 81;
5 19 1 1 75 0 0 23 81;
6 24 1 1 75 0 0 23 81;
7 0 1 1 75 0 0 23 81;
8 12 1 2 25 0 0 23 103;
9 19 1 2 25 0 0 23 103;
10 27 1 2 25 0 0 23 103;
11 0 1 2 25 0 0 23 103;
12 12 1 2 76 0 0 23 85;
13 19 1 2 76 0 0 23 85;
14 27 1 2 76 0 0 23 85;
15 0 1 2 76 0 0 23 85;
16 20 1 3 1 0 0 23 107;
17 24 1 3 1 0 0 23 107;
18 8 1 3 1 0 0 23 107;
19 20 1 3 39 0 0 23 85;
20 22 1 3 39 0 0 23 85;
21 8 1 3 39 0 0 23 85;
22 17 1 3 76 0 0 25 103;
23 22 1 3 76 0 0 25 103;
24 5 1 3 76 0 0 25 103;
25 17 1 4 26 0 0 23 88;
26 5 1 4 26 0 0 23 88;
27 24 1 4 26 0 0 23 88;
28 17 1 4 64 0 0 23 107;
29 5 1 4 64 0 0 23 107;
30 24 1 4 64 0 0 23 107;
31 12 2 1 1 0 0 23 116;
32 19 2 1 1 0 0 23 116;
33 27 2 1 1 0 0 23 116;
34 0 2 1 1 0 0 23 116;
35 12 2 1 40 0 0 23 100;
36 19 2 1 40 0 0 23 100;
37 24 2 1 40 0 0 23 100;
38 0 2 1 40 0 0 23 100;
39 12 2 1 76 0 0 12 81;
40 19 2 1 76 0 0 12 81;
41 24 2 1 76 0 0 12 81;
42 0 2 1 76 0 0 12 81;
43 12 2 2 1 0 0 9 79;
44 19 2 2 1 0 0 9 79;
45 0 2 2 1 0 0 9 79;
46 24 2 2 1 0 0 9 79;
47 12 2 2 15 0 0 50 110;
48 19 2 2 15 0 0 50 110;
49 27 2 2 15 0 0 50 110;
50 0 2 2 15 0 0 50 110;
51 12 2 2 77 0 0 23 100;
52 19 2 2 77 0 0 23 100;
53 27 2 2 77 0 0 23 100;
54 0 2 2 77 0 0 23 100;
55 20 2 3 2 0 0 23 100;
56 24 2 3 2 0 0 23 100;
57 8 2 3 2 0 0 23 100;
58 20 2 3 40 0 0 23 100;
59 22 2 3 40 0 0 23 100;
60 8 2 3 40 0 0 23 100;
61 17 2 3 77 0 0 23 100;
62 22 2 3 77 0 0 23 100;
63 5 2 3 77 0 0 23 100;
64 17 2 4 27 0 0 25 105;
65 24 2 4 27 0 0 25 105;
66 5 2 4 27 0 0 25 105;
67 19 2 4 52 0 0 12 94;
68 22 2 4 52 0 0 12 94;
69 7 2 4 52 0 0 12 94;
70 19 2 4 77 0 0 23 107;
71 26 2 4 77 0 0 23 107;
72 7 2 4 77 0 0 23 107;
