0 7 1 1 0 0 0 5 64;
1 10 1 1 0 0 0 9 53;
2 0 1 1 0 0 0 9 59;
3 3 1 1 0 0 0 14 48;
4 19 1 1 24 0 0 30 86;
5 24 1 1 25 0 0 60 90;
6 20 1 1 51 0 0 25 53;
7 19 1 1 73 0 0 28 81;
8 24 1 1 96 0 0 39 35;
9 3 1 1 99 0 0 9 51;
10 10 1 1 99 0 0 9 61;
11 7 1 2 0 0 0 7 69;
12 17 1 2 0 0 0 14 67;
13 0 1 2 1 0 0 5 55;
14 19 1 2 20 0 0 16 51;
15 17 1 2 32 0 0 7 53;
16 14 1 2 41 0 0 9 59;
17 17 1 2 47 0 0 18 68;
18 24 1 2 49 0 0 40 84;
19 19 1 2 73 0 0 26 92;
20 5 1 2 95 0 0 9 64;
21 0 1 2 96 0 0 9 73;
22 9 1 2 96 0 0 11 76;
23 24 1 2 97 0 0 38 54;
24 20 1 3 1 0 0 21 42;
25 19 1 3 18 0 0 16 61;
26 17 1 3 26 0 0 11 56;
27 14 1 3 39 0 0 8 55;
28 19 1 3 45 0 0 32 83;
29 24 1 3 46 0 0 40 80;
30 14 1 3 73 0 0 20 84;
31 24 1 3 95 0 0 38 66;
32 5 1 3 97 0 0 11 79;
33 0 1 3 98 0 0 11 84;
34 17 1 3 98 0 0 16 70;
35 9 1 3 99 0 0 13 83;
36 19 1 4 19 0 0 14 58;
37 17 1 4 28 0 0 7 58;
38 14 1 4 38 0 0 14 54;
39 17 1 4 47 0 0 23 91;
40 24 1 4 69 0 0 24 76;
41 17 1 4 71 0 0 24 53;
42 17 1 4 97 0 0 17 46;
43 24 1 4 97 0 0 18 56;
44 0 1 4 99 0 0 6 59;
45 7 1 4 99 0 0 7 72;
46 10 1 4 99 0 0 8 63;
47 3 1 4 99 0 0 11 60;
48 17 2 1 24 0 0 17 75;
49 24 2 1 24 0 0 19 81;
50 15 2 1 24 0 0 20 77;
51 17 2 1 48 0 0 20 83;
52 15 2 1 48 0 0 22 32;
53 24 2 1 48 0 0 23 73;
54 7 2 1 99 0 0 5 64;
55 0 2 1 99 0 0 8 59;
56 3 2 1 99 0 0 11 60;
57 10 2 1 99 0 0 16 54;
58 24 2 2 25 0 0 20 71;
59 17 2 2 26 0 0 18 75;
60 14 2 2 26 0 0 19 54;
61 17 2 2 51 0 0 22 81;
62 14 2 2 51 0 0 24 63;
63 24 2 2 51 0 0 25 58;
64 5 2 3 0 0 0 11 54;
65 14 2 3 0 0 0 16 62;
66 0 2 3 1 0 0 13 66;
67 17 2 3 1 0 0 14 64;
68 9 2 3 1 0 0 14 66;
69 24 2 3 1 0 0 21 80;
70 17 2 3 26 0 0 15 67;
71 12 2 3 26 0 0 16 72;
72 24 2 3 26 0 0 18 45;
73 17 2 3 51 0 0 21 75;
74 24 2 3 51 0 0 21 81;
75 12 2 3 51 0 0 22 77;
76 5 2 4 1 0 0 15 73;
77 0 2 4 1 0 0 17 83;
78 9 2 4 1 0 0 17 84;
79 19 2 4 27 0 0 27 84;
80 24 2 4 27 0 0 29 92;
81 0 2 4 75 0 0 26 81;
82 20 2 4 76 0 0 23 81;
83 24 2 4 77 0 0 17 74;
84 10 3 1 0 0 0 11 59;
85 3 3 1 0 0 0 11 52;
86 19 3 1 0 0 0 20 77;
87 24 3 1 0 0 0 59 47;
88 7 3 1 1 0 0 5 67;
89 0 3 1 2 0 0 6 60;
90 17 3 1 26 0 0 29 70;
91 14 3 1 49 0 0 31 71;
92 24 3 1 77 0 0 59 81;
93 17 3 1 78 0 0 18 71;
94 10 3 2 1 0 0 9 60;
95 3 3 2 1 0 0 19 58;
96 19 3 2 1 0 0 24 67;
97 7 3 2 2 0 0 6 66;
98 0 3 2 2 0 0 13 65;
99 21 3 2 52 0 0 26 94;
100 24 3 2 81 0 0 15 94;
101 5 3 3 2 0 0 13 59;
102 25 3 3 2 0 0 23 90;
103 9 3 3 3 0 0 15 66;
104 0 3 3 3 0 0 19 67;
105 26 3 3 32 0 0 24 70;
106 29 3 3 52 0 0 31 105;
107 26 3 3 81 0 0 21 74;
108 5 3 4 0 0 0 11 57;
109 9 3 4 0 0 0 13 70;
110 0 3 4 1 0 0 19 67;
111 31 3 4 2 0 0 30 90;
112 26 3 4 35 0 0 10 94;
113 32 3 4 50 0 0 8 113;
114 36 3 4 50 0 0 21 94;
115 33 3 4 55 0 0 14 96;
116 32 3 4 77 0 0 10 90;
117 36 3 4 77 0 0 72 83;
118 33 3 4 82 0 0 16 94;
119 10 4 1 1 0 0 8 71;
120 7 4 1 2 0 0 7 71;
121 0 4 1 2 0 0 8 61;
122 3 4 1 2 0 0 13 70;
123 32 4 1 29 0 0 16 65;
124 31 4 1 39 0 0 14 64;
125 29 4 1 45 0 0 15 79;
126 26 4 1 55 0 0 25 81;
127 29 4 1 83 0 0 10 90;
128 36 4 1 83 0 0 34 83;
129 7 4 2 1 0 0 8 74;
130 10 4 2 1 0 0 14 65;
131 31 4 2 1 0 0 18 92;
132 0 4 2 1 0 0 19 66;
133 3 4 2 1 0 0 21 65;
134 36 4 2 22 0 0 28 24;
135 31 4 2 35 0 0 15 66;
136 29 4 2 41 0 0 18 68;
137 26 4 2 51 0 0 33 80;
138 36 4 2 83 0 1 34 82;
139 29 4 2 83 0 1 49 79;
140 0 4 2 99 0 0 7 62;
141 5 4 2 99 0 0 8 65;
142 9 4 2 99 0 0 11 76;
143 9 4 3 99 0 0 18 81;
144 0 4 3 99 0 0 19 69;
145 5 4 3 99 0 0 20 69;
146 5 4 4 26 0 0 74 85;
147 9 4 4 27 0 0 58 88;
148 0 4 4 28 0 0 58 90;
