0 1 1 1 0 0 0 12 100;
1 14 1 1 0 0 0 25 121;
2 10 1 1 25 0 0 12 60;
3 10 1 1 50 0 0 12 74;
4 1 1 1 75 0 0 25 100;
5 10 1 1 75 0 0 25 74;
6 3 1 2 0 0 0 25 100;
7 10 1 2 25 0 0 12 60;
8 10 1 2 50 0 0 12 69;
9 1 1 2 50 0 0 25 66;
10 1 1 2 75 0 0 25 100;
11 10 1 2 75 0 0 25 100;
12 10 1 3 0 0 0 12 49;
13 1 1 3 25 0 0 25 66;
14 10 1 3 25 0 0 25 57;
15 11 1 3 50 0 0 25 100;
16 1 1 3 50 0 0 25 100;
17 10 1 4 0 0 0 25 100;
18 3 1 4 0 0 0 25 100;
19 10 1 4 25 0 0 12 63;
20 10 1 4 50 0 0 12 71;
21 10 1 4 75 0 0 12 55;
22 1 1 4 75 0 0 25 66;
23 1 2 1 0 0 0 12 100;
24 10 2 1 0 0 0 25 100;
25 10 2 1 25 0 0 12 60;
26 10 2 1 50 0 0 12 69;
27 10 2 1 75 0 0 12 60;
28 1 2 1 75 0 0 25 100;
29 3 2 2 0 0 0 25 100;
30 10 2 2 25 0 0 12 60;
31 1 2 2 50 0 0 25 63;
32 10 2 2 50 0 0 25 69;
33 10 2 2 75 0 0 25 100;
34 1 2 2 75 0 0 25 100;
35 10 2 3 0 0 0 12 49;
36 10 2 3 25 0 0 25 71;
37 1 2 3 25 0 0 25 57;
38 1 2 3 50 0 0 12 100;
39 11 2 3 50 0 0 25 100;
40 10 2 4 0 0 0 12 100;
41 3 2 4 0 0 0 25 100;
42 10 2 4 25 0 0 12 60;
43 10 2 4 51 0 0 25 33;
44 10 2 4 67 0 0 25 69;
45 10 2 4 78 0 0 25 35;
46 10 2 4 89 0 0 25 77;
47 1 3 1 0 0 0 12 100;
48 10 3 1 0 0 0 25 100;
49 10 3 1 25 0 0 12 60;
50 10 3 1 50 0 0 12 74;
51 10 3 1 75 0 0 25 74;
52 1 3 1 75 0 0 25 100;
53 3 3 2 0 0 0 25 100;
54 10 3 2 25 0 0 12 60;
55 10 3 2 50 0 0 12 69;
56 1 3 2 50 0 0 25 66;
57 10 3 2 75 0 0 25 100;
58 1 3 2 75 0 0 25 100;
59 10 3 3 0 0 0 12 49;
60 10 3 3 25 0 0 25 57;
61 1 3 3 25 0 0 25 66;
62 11 3 3 50 0 0 25 100;
63 1 3 3 50 0 0 25 100;
64 10 3 4 0 0 0 25 100;
65 3 3 4 0 0 0 25 100;
66 10 3 4 25 0 0 12 63;
67 10 3 4 50 0 0 12 71;
68 10 3 4 75 0 0 12 55;
69 1 3 4 75 0 0 25 66;
70 1 4 1 0 0 0 12 100;
71 10 4 1 0 0 0 25 100;
72 10 4 1 25 0 0 12 60;
73 10 4 1 50 0 0 12 69;
74 10 4 1 75 0 0 12 60;
75 1 4 1 75 0 0 25 100;
76 3 4 2 0 0 0 25 100;
77 10 4 2 25 0 0 12 60;
78 1 4 2 50 0 0 25 63;
79 10 4 2 50 0 0 25 69;
80 10 4 2 75 0 0 25 100;
81 1 4 2 75 0 0 25 100;
82 10 4 3 0 0 0 12 49;
83 10 4 3 25 0 0 25 71;
84 1 4 3 25 0 0 25 57;
85 1 4 3 50 0 0 12 100;
86 11 4 3 50 0 0 25 100;
87 10 4 4 0 0 0 12 100;
88 3 4 4 0 0 0 25 100;
89 10 4 4 25 0 0 12 60;
90 10 4 4 51 0 0 25 33;
91 10 4 4 67 0 0 25 69;
92 10 4 4 78 0 0 22 35;
93 10 4 4 89 0 0 11 77;
