0 0 1 1 1 0 0 16 49;
1 9 1 1 1 0 0 16 49;
2 5 1 1 1 0 0 16 49;
3 12 1 1 34 0 0 13 94;
4 14 1 1 51 0 0 18 74;
5 17 1 1 67 0 0 14 58;
6 19 1 1 83 0 0 10 90;
7 20 1 1 99 0 0 11 81;
8 7 1 2 1 0 0 14 49;
9 0 1 2 1 0 0 16 49;
10 10 1 2 1 0 0 18 49;
11 3 1 2 1 0 0 22 49;
12 21 1 2 16 0 0 13 74;
13 24 1 2 32 0 0 10 88;
14 26 1 2 49 0 0 14 96;
15 24 1 2 66 0 0 11 76;
16 21 1 2 82 0 0 14 74;
17 24 1 2 99 0 0 11 83;
18 7 1 3 0 0 0 11 49;
19 0 1 3 0 0 0 11 49;
20 10 1 3 0 0 0 19 49;
21 3 1 3 0 0 0 19 49;
22 25 1 3 16 0 0 11 70;
23 26 1 3 32 0 0 9 84;
24 29 1 3 49 0 0 10 97;
25 26 1 3 65 0 0 13 71;
26 31 1 3 81 0 0 17 94;
27 32 1 3 99 0 0 11 93;
28 5 1 4 1 0 0 10 49;
29 0 1 4 1 0 0 11 49;
30 9 1 4 1 0 0 14 49;
31 33 1 4 15 0 0 17 83;
32 36 1 4 32 0 0 49 76;
33 32 1 4 67 0 0 17 83;
34 31 1 4 81 0 0 24 78;
35 29 1 4 96 0 0 11 90;
36 0 2 1 1 0 0 13 49;
37 5 2 1 1 0 0 15 49;
38 9 2 1 1 0 0 18 49;
39 26 2 1 9 0 0 11 83;
40 29 2 1 22 0 0 24 94;
41 31 2 1 40 0 0 23 85;
42 29 2 1 54 0 0 22 86;
43 26 2 1 66 0 0 16 76;
44 24 2 1 78 0 0 8 66;
45 21 2 1 89 0 0 9 88;
46 7 2 1 99 0 0 8 49;
47 20 2 1 99 0 0 10 68;
48 10 2 1 99 0 0 11 49;
49 3 2 1 99 0 0 14 49;
50 0 2 2 0 0 0 10 49;
51 19 2 2 13 0 0 7 74;
52 17 2 2 24 0 0 15 65;
53 14 2 2 36 0 0 13 65;
54 20 2 2 49 0 0 20 93;
55 19 2 2 61 0 0 13 71;
56 17 2 2 74 0 0 10 58;
57 14 2 2 86 0 0 13 65;
58 7 2 2 99 0 0 9 49;
59 10 2 2 99 0 0 10 49;
60 0 2 2 99 0 0 13 49;
61 3 2 2 99 0 0 13 49;
62 20 2 2 99 0 0 21 90;
63 19 2 3 11 0 0 17 74;
64 17 2 3 26 0 0 18 58;
65 14 2 3 36 0 0 10 80;
66 19 2 3 51 0 0 22 96;
67 14 2 3 80 0 0 17 60;
68 17 2 3 97 0 0 93 96;
69 5 2 4 0 0 0 11 49;
70 9 2 4 0 0 0 11 49;
71 0 2 4 1 0 0 11 49;
72 0 3 1 1 0 0 5 49;
73 5 3 1 1 0 0 7 49;
74 9 3 1 1 0 0 8 49;
75 5 3 1 32 0 0 19 77;
76 9 3 1 32 0 0 21 81;
77 0 3 1 33 0 0 19 83;
78 7 3 2 0 0 0 5 64;
79 10 3 2 0 0 0 9 53;
80 0 3 2 0 0 0 9 59;
81 3 3 2 0 0 0 14 48;
82 19 3 2 24 0 0 30 86;
83 24 3 2 25 0 0 60 90;
84 20 3 2 51 0 0 25 53;
85 19 3 2 73 0 0 28 81;
86 24 3 2 96 0 0 39 35;
87 3 3 2 99 0 0 9 51;
88 10 3 2 99 0 0 9 61;
89 7 3 3 0 0 0 7 69;
90 17 3 3 0 0 0 14 67;
91 0 3 3 1 0 0 5 55;
92 19 3 3 20 0 0 16 51;
93 17 3 3 32 0 0 7 53;
94 14 3 3 41 0 0 9 59;
95 17 3 3 47 0 0 18 68;
96 24 3 3 49 0 0 40 84;
97 19 3 3 73 0 0 26 92;
98 5 3 3 95 0 0 9 64;
99 0 3 3 96 0 0 9 73;
100 9 3 3 96 0 0 11 76;
101 24 3 3 97 0 0 38 54;
102 20 3 4 1 0 0 21 42;
103 19 3 4 18 0 0 16 61;
104 17 3 4 26 0 0 11 56;
105 14 3 4 39 0 0 8 55;
106 19 3 4 45 0 0 32 83;
107 24 3 4 46 0 0 40 80;
108 14 3 4 73 0 0 20 84;
109 24 3 4 95 0 0 38 66;
110 5 3 4 97 0 0 11 79;
111 0 3 4 98 0 0 11 84;
112 17 3 4 98 0 0 16 70;
113 9 3 4 99 0 0 13 83;
114 19 4 1 19 0 0 14 58;
115 17 4 1 28 0 0 7 58;
116 14 4 1 38 0 0 14 54;
117 17 4 1 47 0 0 23 91;
118 24 4 1 69 0 0 24 76;
119 17 4 1 71 0 0 24 53;
120 17 4 1 97 0 0 17 46;
121 24 4 1 97 0 0 18 56;
122 0 4 1 99 0 0 6 59;
123 7 4 1 99 0 0 7 72;
124 10 4 1 99 0 0 8 63;
125 3 4 1 99 0 0 11 60;
126 17 4 2 24 0 0 17 75;
127 24 4 2 24 0 0 19 81;
128 15 4 2 24 0 0 20 77;
129 17 4 2 48 0 0 20 83;
130 15 4 2 48 0 0 22 32;
131 24 4 2 48 0 0 23 73;
132 7 4 2 99 0 0 5 64;
133 0 4 2 99 0 0 8 59;
134 3 4 2 99 0 0 11 60;
135 10 4 2 99 0 0 16 54;
136 24 4 3 25 0 0 20 71;
137 17 4 3 26 0 0 18 75;
138 14 4 3 26 0 0 19 54;
139 17 4 3 51 0 0 22 81;
140 14 4 3 51 0 0 24 63;
141 24 4 3 51 0 0 25 58;
142 5 4 4 0 0 0 11 54;
143 14 4 4 0 0 0 16 62;
144 0 4 4 1 0 0 13 66;
145 17 4 4 1 0 0 14 64;
146 9 4 4 1 0 0 14 66;
147 24 4 4 1 0 0 21 80;
148 17 4 4 26 0 0 15 67;
149 12 4 4 26 0 0 16 72;
150 24 4 4 26 0 0 18 45;
151 24 4 4 51 0 0 21 81;
152 12 4 4 51 0 0 22 77;
153 17 4 4 51 0 0 49 75;
