0 27 2 1 0 0 0 10 79;
1 24 2 1 0 0 0 20 79;
2 22 2 1 0 0 0 31 49;
3 12 2 2 1 0 0 15 49;
4 19 2 2 1 0 0 16 49;
5 15 2 2 1 0 0 16 49;
6 22 2 2 1 0 0 16 49;
7 32 2 2 48 0 0 17 67;
8 33 2 2 53 0 1 86 84;
9 12 2 3 1 0 0 16 49;
10 21 2 3 1 0 0 16 49;
11 17 2 3 1 0 0 16 49;
12 17 2 4 0 0 0 17 49;
13 21 2 4 1 0 0 16 49;
14 12 2 4 1 0 0 16 49;
15 32 2 4 50 0 0 16 78;
16 31 2 4 68 0 0 18 56;
17 29 2 4 82 0 0 16 76;
18 12 2 4 99 0 0 18 49;
19 19 2 4 99 0 0 17 49;
20 15 2 4 99 0 0 18 49;
21 22 2 4 99 0 0 18 49;
22 31 3 1 1 0 0 23 80;
23 29 3 1 29 0 2 99 68;
24 22 3 1 99 0 0 18 49;
25 19 3 1 99 0 0 18 49;
26 12 3 1 99 0 0 18 49;
27 15 3 1 99 0 0 18 49;
28 21 3 3 1 0 0 16 49;
29 12 3 3 1 0 0 16 49;
30 17 3 3 1 0 0 16 49;
31 12 3 4 1 0 0 16 49;
32 21 3 4 1 0 0 16 49;
33 17 3 4 1 0 0 16 49;
34 27 3 4 49 0 0 14 67;
35 29 3 4 52 0 0 33 79;
36 27 3 4 83 0 0 16 68;
37 12 4 1 1 0 0 16 49;
38 19 4 1 1 0 0 16 49;
39 27 4 1 1 0 0 33 76;
40 22 4 1 1 0 0 16 49;
41 15 4 1 1 0 0 16 49;
42 24 4 1 30 0 1 15 54;
43 15 4 2 0 0 0 19 49;
44 19 4 2 1 0 0 16 49;
45 12 4 2 1 0 0 16 49;
46 22 4 2 1 0 0 16 49;
47 24 4 2 51 0 0 35 92;
48 12 4 2 75 0 0 24 69;
49 17 4 2 99 0 0 18 49;
50 24 4 3 0 0 0 31 78;
51 12 4 3 0 0 0 17 49;
52 21 4 3 0 0 0 18 49;
53 29 4 3 28 0 1 2 85;
54 12 4 4 1 0 0 16 49;
55 21 4 4 1 0 0 16 49;
56 17 4 4 1 0 0 16 49;
57 31 4 4 50 0 0 32 86;
58 12 4 4 75 0 0 24 69;
59 29 4 4 83 0 0 16 81;
60 12 5 1 0 0 0 17 49;
61 19 5 1 0 0 0 17 49;
62 22 5 1 0 0 0 17 49;
63 15 5 1 0 0 0 18 49;
64 32 5 1 4 0 0 13 79;
65 33 5 1 10 0 0 19 84;
66 29 5 1 32 0 1 16 83;
67 22 5 2 0 0 0 17 49;
68 12 5 2 0 0 0 17 49;
69 15 5 2 0 0 0 17 49;
70 19 5 2 1 0 0 16 49;
71 26 5 2 52 0 0 30 71;
72 29 5 2 80 0 0 66 96;
73 12 5 3 1 0 0 16 49;
74 21 5 3 1 0 0 16 49;
75 17 5 3 1 0 0 16 49;
76 29 5 3 49 0 0 32 105;
77 21 5 4 1 0 0 16 49;
78 12 5 4 1 0 0 16 49;
79 17 5 4 1 0 0 16 49;
80 24 5 4 34 0 0 13 94;
81 26 5 4 51 0 0 18 74;
82 29 5 4 67 0 0 14 58;
83 31 5 4 83 0 0 10 90;
84 32 5 4 99 0 0 11 81;
85 12 6 1 1 0 0 16 49;
86 19 6 1 1 0 0 14 49;
87 22 6 1 1 0 0 18 49;
88 15 6 1 1 0 0 22 49;
89 33 6 1 16 0 0 13 74;
90 36 6 1 32 0 0 10 88;
91 38 6 1 49 0 0 14 96;
92 36 6 1 66 0 0 11 76;
93 33 6 1 82 0 0 14 74;
94 36 6 1 99 0 0 11 83;
95 22 6 2 0 0 0 19 49;
96 19 6 2 0 0 0 11 49;
97 15 6 2 0 0 0 19 49;
98 12 6 2 0 0 0 11 49;
99 37 6 2 16 0 0 11 70;
100 38 6 2 32 0 0 9 84;
101 41 6 2 49 0 0 10 97;
102 38 6 2 65 0 0 13 71;
103 43 6 2 81 0 0 17 94;
104 44 6 2 99 0 0 11 93;
105 17 6 3 1 0 0 10 49;
106 12 6 3 1 0 0 11 49;
107 21 6 3 1 0 0 14 49;
108 45 6 3 15 0 0 17 83;
109 48 6 3 32 0 0 49 76;
110 44 6 3 67 0 0 17 83;
111 43 6 3 81 0 0 24 78;
112 41 6 3 96 0 0 11 90;
113 12 6 4 1 0 0 13 49;
114 21 6 4 1 0 0 18 49;
115 17 6 4 1 0 0 15 49;
116 38 6 4 9 0 0 11 83;
117 41 6 4 22 0 0 24 94;
118 43 6 4 40 0 0 23 85;
119 41 6 4 54 0 0 22 86;
120 38 6 4 66 0 0 16 76;
121 36 6 4 78 0 0 8 66;
122 33 6 4 89 0 0 9 88;
123 32 6 4 99 0 0 10 68;
124 19 6 4 99 0 0 8 49;
125 15 6 4 99 0 0 14 49;
126 22 6 4 99 0 0 11 49;
127 12 7 1 0 0 0 10 49;
128 31 7 1 13 0 0 7 74;
129 29 7 1 24 0 0 15 65;
130 26 7 1 36 0 0 13 65;
131 32 7 1 49 0 0 20 93;
132 31 7 1 61 0 0 13 71;
133 29 7 1 74 0 0 10 58;
134 26 7 1 86 0 0 13 65;
135 12 7 1 99 0 0 13 49;
136 22 7 1 99 0 0 10 49;
137 15 7 1 99 0 0 13 49;
138 19 7 1 99 0 0 9 49;
139 32 7 1 99 0 0 21 90;
140 31 7 2 11 0 0 17 74;
141 29 7 2 26 0 0 18 58;
142 26 7 2 36 0 0 10 80;
143 31 7 2 51 0 0 22 96;
144 26 7 2 80 0 0 17 60;
145 29 7 2 97 0 0 93 96;
146 21 7 3 0 0 0 11 49;
147 17 7 3 0 0 0 11 49;
148 12 7 3 1 0 0 11 49;
149 12 7 4 1 0 0 5 49;
150 21 7 4 1 0 0 8 49;
151 17 7 4 1 0 0 7 49;
152 17 7 4 32 0 0 19 77;
153 21 7 4 32 0 0 21 81;
154 12 7 4 33 0 0 19 83;
155 22 8 1 0 0 0 9 53;
156 19 8 1 0 0 0 5 64;
157 15 8 1 0 0 0 14 48;
158 12 8 1 0 0 0 9 59;
159 31 8 1 24 0 0 30 86;
160 36 8 1 25 0 0 60 90;
161 32 8 1 51 0 0 25 53;
162 31 8 1 73 0 0 28 81;
163 36 8 1 96 0 0 39 35;
164 15 8 1 99 0 0 9 51;
165 22 8 1 99 0 0 9 61;
166 29 8 2 0 0 0 14 67;
167 19 8 2 0 0 0 7 69;
168 12 8 2 1 0 0 5 55;
169 31 8 2 20 0 0 16 51;
170 29 8 2 32 0 0 7 53;
171 26 8 2 41 0 0 9 59;
172 29 8 2 47 0 0 18 68;
173 36 8 2 49 0 0 40 84;
174 31 8 2 73 0 0 26 92;
175 17 8 2 95 0 0 9 64;
176 21 8 2 96 0 0 11 76;
177 12 8 2 96 0 0 9 73;
178 36 8 2 97 0 0 38 54;
179 32 8 3 1 0 0 21 42;
180 31 8 3 18 0 0 16 61;
181 29 8 3 26 0 0 11 56;
182 26 8 3 39 0 0 8 55;
183 31 8 3 45 0 0 32 83;
184 36 8 3 46 0 0 40 80;
185 26 8 3 73 0 0 20 84;
186 36 8 3 95 0 0 38 66;
187 17 8 3 97 0 0 11 79;
188 12 8 3 98 0 0 11 84;
189 29 8 3 98 0 0 16 70;
190 21 8 3 99 0 0 13 83;
191 31 8 4 19 0 0 14 58;
192 29 8 4 28 0 0 7 58;
193 26 8 4 38 0 0 14 54;
194 29 8 4 47 0 0 23 91;
195 36 8 4 69 0 0 24 76;
196 29 8 4 71 0 0 24 53;
197 36 8 4 97 0 0 18 56;
198 29 8 4 97 0 0 17 46;
199 12 8 4 99 0 0 6 59;
200 19 8 4 99 0 0 7 72;
201 15 8 4 99 0 0 11 60;
202 22 8 4 99 0 0 8 63;
203 29 9 1 24 0 0 17 75;
204 27 9 1 24 0 0 20 77;
205 36 9 1 24 0 0 19 81;
206 36 9 1 48 0 0 23 73;
207 29 9 1 48 0 0 20 83;
208 27 9 1 48 0 0 22 32;
209 19 9 1 99 0 0 5 64;
210 12 9 1 99 0 0 8 59;
211 15 9 1 99 0 0 11 60;
212 22 9 1 99 0 0 16 54;
213 36 9 2 25 0 0 20 71;
214 26 9 2 26 0 0 19 54;
215 29 9 2 26 0 0 18 75;
216 29 9 2 51 0 0 22 81;
217 26 9 2 51 0 0 24 63;
218 36 9 2 51 0 0 25 58;
219 17 9 3 0 0 0 11 54;
220 26 9 3 0 0 0 16 62;
221 12 9 3 1 0 0 13 66;
222 36 9 3 1 0 0 21 80;
223 29 9 3 1 0 0 14 64;
224 21 9 3 1 0 0 14 66;
225 24 9 3 26 0 0 16 72;
226 29 9 3 26 0 0 15 67;
227 36 9 3 26 0 0 18 45;
228 24 9 3 51 0 0 22 77;
229 29 9 3 51 0 0 21 75;
230 36 9 3 51 0 0 21 81;
231 12 9 4 1 0 0 17 83;
232 21 9 4 1 0 0 17 84;
233 17 9 4 1 0 0 15 73;
234 36 9 4 27 0 0 29 92;
235 31 9 4 27 0 0 27 84;
236 12 9 4 75 0 0 26 81;
237 32 9 4 76 0 0 23 81;
238 36 9 4 77 0 0 17 74;
239 36 10 1 0 0 0 59 47;
240 31 10 1 0 0 0 20 77;
241 22 10 1 0 0 0 11 59;
242 15 10 1 0 0 0 11 52;
243 19 10 1 1 0 0 5 67;
244 12 10 1 2 0 0 6 60;
245 29 10 1 26 0 0 29 70;
246 26 10 1 49 0 0 31 71;
247 36 10 1 77 0 0 59 81;
248 29 10 1 78 0 0 18 71;
249 31 10 2 1 0 0 24 67;
250 22 10 2 1 0 0 9 60;
251 15 10 2 1 0 0 19 58;
252 12 10 2 2 0 0 13 65;
253 19 10 2 2 0 0 6 66;
254 33 10 2 52 0 0 26 94;
255 36 10 2 81 0 0 15 94;
256 17 10 3 2 0 0 13 59;
257 37 10 3 2 0 0 23 90;
258 12 10 3 3 0 0 19 67;
259 21 10 3 3 0 0 15 66;
260 38 10 3 32 0 0 24 70;
261 41 10 3 52 0 0 31 105;
262 38 10 3 81 0 0 21 74;
263 21 10 4 0 0 0 13 70;
264 17 10 4 0 0 0 11 57;
265 12 10 4 1 0 0 19 67;
266 43 10 4 2 0 0 30 90;
267 38 10 4 35 0 0 10 94;
268 48 10 4 50 0 0 21 94;
269 44 10 4 50 0 0 8 113;
270 45 10 4 55 0 0 14 96;
271 48 10 4 77 0 0 72 83;
272 44 10 4 77 0 0 10 90;
273 45 10 4 82 0 0 16 94;
274 22 11 1 1 0 0 8 71;
275 12 11 1 2 0 0 8 61;
276 15 11 1 2 0 0 13 70;
277 19 11 1 2 0 0 7 71;
278 44 11 1 29 0 0 16 65;
279 43 11 1 39 0 0 14 64;
280 41 11 1 45 0 0 15 79;
281 38 11 1 55 0 0 25 81;
282 48 11 1 83 0 0 34 83;
283 41 11 1 83 0 0 10 90;
284 22 11 2 1 0 0 14 65;
285 43 11 2 1 0 0 18 92;
286 12 11 2 1 0 0 19 66;
287 15 11 2 1 0 0 21 65;
288 19 11 2 1 0 0 8 74;
289 48 11 2 22 0 0 28 24;
290 43 11 2 35 0 0 15 66;
291 41 11 2 41 0 0 18 68;
292 38 11 2 51 0 0 33 80;
293 41 11 2 83 0 1 49 79;
294 48 11 2 83 0 1 34 82;
295 21 11 2 99 0 0 11 76;
296 17 11 2 99 0 0 8 65;
297 12 11 2 99 0 0 7 62;
298 12 11 3 99 0 0 19 69;
299 17 11 3 99 0 0 20 69;
300 21 11 3 99 0 0 18 81;
301 17 11 4 26 0 0 63 85;
302 21 11 4 27 0 0 58 88;
303 12 11 4 28 0 0 58 90;
304 15 12 1 0 0 0 32 81;
305 19 12 1 1 0 0 32 71;
306 10 12 1 1 0 0 31 96;
307 22 12 1 99 0 0 14 54;
308 15 12 1 99 0 0 17 40;
309 19 12 2 0 0 0 8 70;
310 12 12 2 0 0 0 11 65;
311 36 12 2 26 0 0 32 98;
312 31 12 2 26 0 0 29 94;
313 32 12 2 50 0 0 27 75;
314 36 12 2 74 0 0 16 81;
315 31 12 2 74 0 0 15 90;
316 17 12 2 99 0 0 15 56;
317 29 12 2 99 0 0 31 81;
318 36 12 2 99 0 0 33 56;
319 12 12 3 0 0 0 15 63;
320 21 12 3 0 0 0 14 64;
321 26 12 3 24 0 0 17 71;
322 36 12 3 49 0 0 43 96;
323 29 12 3 49 0 0 49 87;
324 36 12 3 99 0 0 25 83;
325 17 12 3 99 0 0 20 61;
326 21 12 3 99 0 0 19 71;
327 12 12 3 99 0 0 21 67;
328 29 12 3 99 0 0 26 73;
329 12 12 4 75 0 0 46 82;
330 19 12 4 99 0 0 14 76;
331 36 12 4 99 0 0 10 66;
332 34 12 4 99 0 0 15 60;
333 22 12 4 99 0 0 20 64;
334 31 12 4 99 0 0 15 86;
335 15 12 4 99 0 0 21 58;
336 27 12 4 99 0 0 18 73;
337 34 13 1 25 0 0 14 47;
338 27 13 1 25 0 0 14 50;
339 36 13 1 26 0 0 11 62;
340 31 13 1 26 0 0 10 77;
341 36 13 1 49 0 0 19 67;
342 29 13 1 49 0 0 25 70;
343 34 13 1 49 0 0 20 57;
344 26 13 1 49 0 0 23 63;
345 36 13 1 98 0 0 16 62;
346 34 13 1 98 0 0 17 49;
347 31 13 1 98 0 0 16 73;
348 27 13 1 98 0 0 19 60;
349 19 13 1 99 0 0 15 78;
350 12 13 1 99 0 0 19 61;
351 15 13 1 99 0 0 23 53;
352 22 13 1 99 0 0 18 54;
353 31 13 2 24 0 0 11 69;
354 36 13 2 24 0 0 15 59;
355 34 13 2 24 0 0 15 49;
356 27 13 2 24 0 0 15 44;
357 34 13 2 48 0 0 16 63;
358 26 13 2 49 0 0 14 61;
359 29 13 2 49 0 0 15 75;
360 36 13 2 49 0 0 15 78;
361 29 13 2 74 0 0 17 81;
362 36 13 2 74 0 0 22 62;
363 24 13 2 75 0 0 22 70;
364 33 13 2 75 0 0 17 84;
365 17 13 2 98 0 0 11 58;
366 21 13 2 98 0 0 14 65;
367 12 13 2 99 0 0 15 66;
368 29 13 3 25 0 0 18 61;
369 24 13 3 26 0 0 18 62;
370 36 13 3 26 0 0 18 64;
371 33 13 3 26 0 0 18 66;
372 24 13 3 51 0 0 23 76;
373 29 13 3 51 0 0 23 81;
374 33 13 3 51 0 0 27 86;
375 36 13 3 51 0 0 27 71;
376 21 13 4 1 0 0 18 80;
377 12 13 4 1 0 0 19 80;
378 17 13 4 1 0 0 17 67;
379 32 13 4 28 0 0 73 87;
380 36 13 4 29 0 0 71 92;
381 22 13 4 99 0 0 30 47;
382 15 13 4 99 0 0 32 42;
383 12 14 1 0 0 0 30 66;
384 31 14 1 0 0 0 30 78;
385 19 14 1 0 0 0 28 66;
386 32 14 1 31 0 0 18 71;
387 33 14 1 49 0 0 32 77;
388 36 14 1 80 0 0 44 94;
389 15 14 1 99 0 0 25 49;
390 12 14 2 0 0 0 21 59;
391 19 14 2 0 0 0 17 70;
392 22 14 2 0 0 0 20 50;
393 37 14 2 30 0 0 18 65;
394 38 14 2 50 0 0 28 86;
395 41 14 2 82 0 0 49 113;
396 12 14 3 0 0 0 17 70;
397 21 14 3 0 0 0 15 72;
398 17 14 3 1 0 0 13 61;
399 43 14 3 27 0 0 16 55;
400 41 14 3 39 0 0 15 58;
401 38 14 3 50 0 0 28 83;
402 41 14 3 78 0 0 39 102;
403 12 14 4 0 0 0 17 80;
404 21 14 4 0 0 0 13 86;
405 17 14 4 0 0 0 11 70;
406 44 14 4 30 0 0 24 113;
407 44 14 4 63 0 0 6 113;
408 45 14 4 69 0 0 22 113;
409 15 14 4 99 0 0 19 68;
410 45 15 1 0 0 0 29 108;
411 19 15 1 0 0 0 8 76;
412 12 15 1 0 0 0 11 67;
413 22 15 1 0 0 0 11 73;
414 44 15 1 35 0 0 23 105;
415 43 15 1 69 0 0 25 100;
416 19 15 1 99 0 0 11 73;
417 22 15 1 99 0 0 16 54;
418 12 15 1 99 0 0 20 66;
419 15 15 1 99 0 0 23 54;
420 41 15 2 1 0 0 33 105;
421 38 15 2 34 0 0 27 86;
422 41 15 2 67 0 0 30 109;
423 12 15 2 99 0 0 18 81;
424 21 15 2 99 0 0 17 81;
425 17 15 2 99 0 0 14 68;
426 43 15 3 0 0 0 27 94;
427 41 15 3 33 0 0 44 79;
428 41 15 3 88 0 0 7 83;
429 21 15 4 1 0 0 14 80;
430 17 15 4 1 0 0 14 70;
431 12 15 4 1 0 0 15 78;
432 41 15 4 2 0 0 21 85;
433 48 15 4 33 0 0 24 83;
434 44 15 4 33 0 0 9 89;
435 45 15 4 44 0 0 13 72;
436 44 15 4 66 0 0 6 77;
437 48 15 4 66 0 0 23 67;
438 45 15 4 71 0 0 20 82;
439 15 15 4 98 0 0 99 56;
440 22 15 4 98 0 0 99 61;
441 44 15 4 99 0 0 7 82;
442 19 15 4 99 0 0 99 76;
443 12 15 4 99 0 0 99 69;
444 48 16 1 0 0 0 25 77;
445 45 16 1 6 0 0 19 88;
446 44 16 1 33 0 0 7 82;
447 48 16 1 33 0 0 24 73;
448 45 16 1 41 0 0 17 90;
449 48 16 1 67 0 0 26 68;
450 44 16 1 67 0 0 6 81;
451 45 16 1 73 0 0 20 92;
452 48 16 2 1 0 0 24 69;
453 44 16 2 1 0 0 8 86;
454 22 16 2 2 0 0 98 60;
455 12 16 2 2 0 0 86 72;
456 19 16 2 2 0 0 98 74;
457 15 16 2 2 0 0 98 58;
458 45 16 2 9 0 0 16 90;
459 44 16 2 34 0 0 7 81;
460 48 16 2 34 0 0 25 59;
461 45 16 2 42 0 0 17 83;
462 45 16 2 69 0 0 21 80;
463 48 16 2 69 0 0 21 58;
464 12 16 3 1 0 0 64 81;
465 45 16 3 1 0 0 26 108;
466 48 16 3 1 0 0 50 71;
467 17 16 3 1 0 0 62 77;
468 21 16 3 1 0 0 10 84;
469 44 16 3 34 0 0 20 81;
470 43 16 3 65 0 0 20 81;
471 48 16 3 66 0 0 17 70;
472 12 16 3 100 0 0 66 94;
473 48 16 3 100 0 0 47 70;
474 17 16 3 100 0 0 66 85;
475 21 16 3 100 0 0 66 92;
476 41 16 4 1 0 0 36 90;
477 38 16 4 32 0 0 18 88;
478 48 16 4 67 0 0 11 74;
479 41 16 4 67 0 0 8 90;
480 19 17 1 1 0 0 54 94;
481 12 17 1 1 0 0 55 77;
482 22 17 1 1 0 0 54 90;
483 15 17 1 1 0 0 55 79;
484 43 17 1 1 0 0 26 103;
485 48 17 1 1 0 0 54 76;
486 41 17 1 33 0 0 20 83;
487 38 17 1 67 0 0 13 88;
488 48 17 1 68 0 0 6 44;
489 22 17 2 0 0 0 73 99;
490 19 17 2 0 0 0 72 98;
491 12 17 2 0 0 0 75 96;
492 15 17 2 0 0 0 74 93;
493 41 17 2 0 0 0 40 105;
494 48 17 2 0 0 0 46 98;
495 38 17 2 32 0 0 21 86;
496 41 17 2 69 0 0 9 99;
497 48 17 2 69 0 0 13 80;
498 44 17 2 96 0 0 8 113;
499 48 17 3 0 0 0 74 88;
500 21 17 3 1 0 0 65 96;
501 17 17 3 1 0 0 65 87;
502 12 17 3 1 0 0 65 88;
503 45 17 3 3 0 0 20 111;
504 41 17 3 36 0 0 24 99;
505 41 17 3 66 0 0 4 44;
506 38 17 3 66 0 0 12 98;
507 12 17 3 100 0 0 44 98;
508 17 17 3 100 0 0 43 99;
509 21 17 3 100 0 0 44 100;
510 41 17 4 1 0 0 27 105;
511 48 17 4 2 0 0 41 103;
512 38 17 4 34 0 0 14 96;
513 17 17 4 68 0 0 25 102;
514 21 17 4 68 0 0 27 103;
515 12 17 4 68 0 0 25 111;
516 48 17 4 68 0 0 29 100;
517 41 17 4 68 0 0 25 109;
518 12 18 1 32 0 0 45 103;
519 14 18 1 68 0 0 33 103;
520 17 18 2 2 0 0 30 99;
521 19 18 2 34 0 0 34 108;
522 20 18 2 66 0 0 32 102;
523 21 18 3 0 0 0 30 92;
524 24 18 3 33 0 0 34 113;
525 20 18 3 66 0 0 35 113;
526 19 18 4 0 0 0 35 88;
527 17 18 4 34 0 0 33 113;
528 14 18 4 69 0 0 29 96;
529 0 19 1 2 0 0 87 92;
530 19 19 1 2 0 0 89 84;
531 15 19 1 2 0 0 28 93;
532 22 19 1 2 0 0 87 87;
533 15 19 1 52 0 0 56 77;
534 19 19 2 1 0 0 82 92;
535 0 19 2 1 0 0 61 90;
536 22 19 2 1 0 0 90 85;
537 15 19 2 50 0 0 33 81;
538 0 19 2 76 0 0 18 96;
539 12 19 3 1 0 0 20 84;
540 5 19 3 1 0 0 90 102;
541 21 19 3 1 0 0 86 81;
542 17 19 3 1 0 0 86 73;
543 12 19 3 51 0 0 60 77;
544 5 19 3 99 0 0 58 90;
545 17 19 4 0 0 0 90 77;
546 21 19 4 0 0 0 83 86;
547 12 19 4 49 0 0 33 81;
548 5 19 4 74 0 0 15 96;
549 22 19 4 99 0 0 85 79;
550 19 19 4 99 0 0 86 81;
551 0 19 4 99 0 0 88 100;
552 15 19 4 99 0 0 28 64;
553 15 20 1 51 0 0 57 81;
554 22 20 1 99 0 0 82 81;
555 19 20 1 99 0 0 98 90;
556 0 20 1 99 0 0 61 96;
557 15 20 2 49 0 0 27 85;
558 0 20 2 74 0 0 16 96;
559 12 20 2 99 0 0 25 94;
560 21 20 2 99 0 0 91 86;
561 5 20 2 99 0 0 90 105;
562 17 20 2 99 0 0 92 71;
563 12 20 3 51 0 0 59 66;
564 5 20 3 99 0 0 74 99;
565 17 20 3 99 0 0 72 77;
566 21 20 3 99 0 0 79 86;
567 12 20 4 49 0 0 21 64;
568 0 20 4 99 0 0 90 90;
569 15 20 4 99 0 0 91 77;
570 22 20 4 99 0 0 90 85;
571 19 21 1 0 0 0 89 78;
572 0 21 1 99 0 0 63 90;
573 19 21 1 99 0 0 89 83;
574 15 21 1 99 0 0 25 68;
575 22 21 1 99 0 0 96 90;
576 15 21 2 49 0 0 41 64;
577 0 21 2 74 0 0 23 94;
578 17 21 2 99 0 0 88 75;
579 21 21 2 99 0 0 88 84;
580 5 21 2 99 0 0 88 77;
581 12 21 3 0 0 0 28 76;
582 12 21 3 49 0 0 64 58;
583 5 21 3 99 0 0 53 85;
584 17 21 3 99 0 1 2 73;
585 21 21 3 99 0 0 88 100;
586 12 21 4 49 0 0 32 65;
587 5 21 4 74 0 0 16 93;
588 19 21 4 99 0 0 91 80;
589 15 21 4 99 0 0 30 79;
590 0 21 4 99 0 0 92 100;
591 22 21 4 99 0 0 86 81;
592 15 22 1 49 0 0 45 71;
593 15 22 1 99 0 0 21 67;
594 22 22 1 99 0 0 84 90;
595 19 22 2 0 0 1 0 90;
596 0 22 2 0 0 0 63 100;
597 15 22 2 49 0 0 32 71;
598 0 22 2 74 0 0 23 92;
599 5 22 3 0 0 0 84 85;
600 17 22 3 0 0 0 90 70;
601 21 22 3 0 0 0 90 92;
602 12 22 3 0 0 0 33 84;
603 12 22 3 51 0 0 40 62;
604 17 22 4 0 0 0 71 77;
605 21 22 4 0 0 0 75 84;
606 5 22 4 1 0 0 54 102;
607 12 22 4 1 0 0 13 62;
608 12 22 4 49 0 0 19 65;
609 5 22 4 74 0 0 10 113;
610 19 22 4 99 0 1 56 66;
611 22 22 4 99 0 0 92 48;
612 15 22 4 99 0 1 51 56;
613 27 22 4 99 0 0 42 35;
614 34 22 4 99 0 0 43 40;
615 31 23 1 1 0 0 28 1;
616 31 23 1 49 0 0 92 81;
617 27 23 1 49 0 0 91 64;
618 34 23 1 49 0 0 90 79;
619 22 23 1 99 0 0 74 47;
620 31 23 2 49 0 0 33 72;
621 27 23 2 49 0 0 33 54;
622 34 23 2 49 0 0 49 81;
623 12 23 2 99 0 1 55 46;
624 17 23 2 99 0 1 60 53;
625 21 23 2 99 0 0 89 45;
626 33 23 3 0 0 0 39 41;
627 24 23 3 1 0 0 32 34;
628 29 23 3 1 0 0 33 19;
629 24 23 3 49 0 0 40 72;
630 29 23 3 49 0 0 96 73;
631 33 23 3 49 0 0 97 72;
632 21 23 3 99 0 0 83 55;
633 29 23 4 50 0 0 41 70;
634 33 23 4 50 0 0 41 69;
635 24 23 4 51 0 0 29 65;
636 31 23 4 99 0 0 42 60;
637 27 23 4 99 0 0 41 53;
638 19 23 4 99 0 1 52 74;
639 34 23 4 99 0 0 41 60;
640 22 23 4 99 0 1 56 58;
641 15 23 4 99 0 1 56 59;
642 34 24 1 49 0 0 91 40;
643 31 24 1 49 0 0 92 76;
644 27 24 1 49 0 0 86 31;
645 27 24 2 49 0 0 31 64;
646 34 24 2 49 0 0 48 75;
647 31 24 2 49 0 0 46 76;
648 36 24 2 99 0 0 38 65;
649 33 24 2 99 0 0 42 63;
650 29 24 2 99 0 0 41 47;
651 21 24 2 99 0 1 71 56;
652 12 24 2 99 0 1 48 60;
653 17 24 2 99 0 1 53 54;
654 36 24 3 49 0 0 93 84;
655 29 24 3 49 0 0 91 70;
656 33 24 3 49 0 0 94 74;
657 36 24 4 49 0 0 42 81;
658 33 24 4 49 0 0 51 65;
659 29 24 4 49 0 0 41 61;
660 31 24 4 99 0 0 40 59;
661 27 24 4 99 0 0 41 52;
662 34 24 4 99 0 0 44 47;
663 19 24 4 99 0 1 60 74;
664 15 24 4 99 0 1 74 59;
665 22 24 4 99 0 1 74 57;
666 34 25 1 49 0 0 93 73;
667 31 25 1 49 0 0 94 77;
668 27 25 1 49 0 0 95 67;
669 31 25 2 49 0 0 33 86;
670 27 25 2 49 0 0 34 36;
671 34 25 2 50 0 0 47 83;
672 17 25 2 99 0 1 54 44;
673 12 25 2 99 0 1 53 60;
674 33 25 2 99 0 0 41 60;
675 21 25 2 99 0 1 94 55;
676 29 25 3 0 0 0 39 40;
677 24 25 3 1 0 0 34 58;
678 24 25 3 49 0 0 95 77;
679 33 25 3 49 0 0 98 84;
680 29 25 3 49 0 0 96 77;
681 29 25 4 50 0 0 46 64;
682 33 25 4 51 0 0 42 72;
683 24 25 4 51 0 0 27 58;
684 15 25 4 99 0 0 42 51;
685 34 26 1 0 0 0 40 67;
686 19 26 1 0 0 0 43 66;
687 27 26 1 0 0 0 39 56;
688 31 26 1 1 0 0 40 69;
689 15 26 1 50 0 1 28 60;
690 34 26 1 50 0 0 99 81;
691 31 26 1 50 0 0 99 66;
692 27 26 1 50 0 0 99 75;
693 22 26 1 51 0 1 26 81;
694 19 26 1 51 0 1 20 67;
695 33 26 2 50 0 0 42 66;
696 24 26 2 50 0 0 43 64;
697 29 26 2 50 0 0 43 56;
698 29 26 3 0 0 0 89 61;
699 21 26 3 0 0 0 37 42;
700 33 26 3 1 0 0 88 70;
701 24 26 3 1 0 0 87 63;
702 12 26 3 1 0 0 36 47;
703 17 26 3 1 0 0 38 57;
704 12 26 3 49 0 0 92 65;
705 21 26 3 50 0 1 20 66;
706 17 26 3 50 0 0 95 63;
707 33 26 4 1 0 0 97 83;
708 29 26 4 1 0 0 93 70;
709 24 26 4 1 0 0 93 74;
710 41 26 4 99 0 0 67 85;
711 19 26 4 99 0 1 99 66;
712 15 26 4 99 0 1 99 63;
713 22 26 4 99 0 1 99 53;
714 36 27 1 49 0 0 63 57;
715 41 27 1 74 0 0 21 53;
716 41 27 2 1 0 0 67 81;
717 36 27 2 51 0 0 65 59;
718 41 27 2 76 0 0 21 53;
719 41 27 3 1 0 0 63 65;
720 21 27 3 1 0 1 86 71;
721 12 27 3 1 0 1 86 71;
722 17 27 3 1 0 1 86 67;
723 36 27 3 51 0 0 69 60;
724 41 27 3 76 0 0 17 60;
725 41 27 3 99 0 0 29 79;
726 45 27 4 24 0 0 32 78;
727 36 27 4 49 0 0 32 62;
728 41 27 4 74 0 0 22 67;
729 19 27 4 99 0 0 99 73;
730 41 27 4 99 0 0 65 75;
731 15 27 4 99 0 1 86 50;
732 22 28 1 24 0 1 61 64;
733 36 28 1 49 0 0 41 66;
734 41 28 1 74 0 0 20 32;
735 41 28 1 99 0 0 63 96;
736 36 28 1 99 0 0 30 37;
737 19 28 2 24 0 0 42 70;
738 36 28 2 49 0 0 69 51;
739 41 28 2 74 0 0 21 54;
740 41 28 3 0 0 0 63 81;
741 12 28 3 0 0 1 86 74;
742 17 28 3 0 0 1 86 68;
743 21 28 3 0 0 1 80 71;
744 36 28 3 49 0 0 40 56;
745 41 28 3 74 0 0 17 68;
746 41 28 3 99 0 0 28 75;
747 36 28 3 99 0 0 28 39;
748 45 28 4 24 0 0 28 84;
749 36 28 4 49 0 0 33 57;
750 41 28 4 74 0 0 23 73;
751 19 28 4 99 0 1 11 80;
752 41 28 4 99 0 0 66 63;
753 15 28 4 99 0 1 86 70;
754 22 29 1 24 0 1 6 47;
755 36 29 1 50 0 0 38 62;
756 41 29 1 74 0 0 19 54;
757 41 29 2 1 0 0 65 102;
758 36 29 2 1 0 0 26 66;
759 19 29 2 24 0 0 44 73;
760 22 29 2 49 0 0 41 47;
761 36 29 2 50 0 0 64 66;
762 41 29 2 76 0 0 20 77;
763 12 29 3 1 0 1 86 90;
764 21 29 3 1 0 1 78 84;
765 17 29 3 1 0 1 86 83;
766 41 29 3 1 0 0 63 81;
767 36 29 3 51 0 0 35 66;
768 41 29 3 74 0 0 18 71;
769 41 29 3 99 0 0 30 77;
770 36 29 3 99 0 0 26 42;
771 45 29 4 25 0 0 31 94;
772 36 29 4 49 0 0 64 50;
773 41 29 4 74 0 0 22 61;
774 19 30 1 0 0 1 61 73;
775 15 30 1 0 0 1 67 58;
776 22 30 1 0 0 1 15 68;
777 41 30 1 0 0 0 69 68;
778 36 30 1 51 0 0 34 48;
779 41 30 1 74 0 0 19 17;
780 36 30 1 99 0 0 21 51;
781 41 30 2 0 0 0 61 93;
782 22 30 2 24 0 0 46 53;
783 36 30 2 51 0 0 43 63;
784 41 30 2 74 0 0 21 59;
785 36 30 3 0 0 0 18 34;
786 41 30 3 1 0 1 75 83;
787 12 30 3 1 0 0 79 72;
788 17 30 3 1 0 0 64 67;
789 21 30 3 1 0 0 74 72;
790 36 30 3 50 0 0 31 37;
791 17 30 3 74 0 0 7 25;
792 21 30 3 99 0 0 99 88;
793 33 30 3 99 0 0 86 73;
794 17 30 3 99 0 0 86 83;
795 36 30 3 99 0 0 84 78;
796 12 30 3 99 0 0 99 92;
797 21 31 1 0 0 1 74 94;
798 17 31 1 0 0 1 74 83;
799 24 31 1 1 0 1 74 84;
800 29 31 1 1 0 1 74 85;
801 12 31 1 1 0 1 74 90;
802 14 31 4 0 0 0 27 69;
803 21 31 4 1 0 0 28 69;
804 21 31 4 33 0 0 7 69;
805 14 31 4 33 0 0 7 69;
806 21 32 3 99 0 0 29 86;
807 14 32 3 99 0 0 28 71;
808 14 32 4 32 0 0 6 83;
809 21 32 4 32 0 0 6 70;
810 21 33 3 99 0 0 31 86;
811 14 33 3 99 0 0 30 69;
812 14 33 4 33 0 0 8 72;
813 21 33 4 33 0 0 7 80;
814 14 34 3 99 0 0 30 74;
815 21 34 3 99 0 0 31 77;
816 21 34 4 33 0 0 7 70;
817 14 34 4 34 0 0 8 70;
818 21 35 3 99 0 0 31 88;
819 14 35 3 99 0 0 31 76;
820 14 35 4 32 0 0 7 73;
821 21 35 4 32 0 0 6 90;
822 21 36 3 99 0 0 30 100;
823 14 36 3 99 0 0 30 76;
824 14 36 4 33 0 0 8 78;
825 21 36 4 33 0 0 7 92;
826 14 37 3 99 0 0 28 70;
827 21 37 3 99 0 0 30 88;
828 21 37 4 33 0 0 6 100;
829 14 37 4 33 0 0 8 74;
830 14 38 3 99 0 0 28 70;
831 21 38 3 99 0 0 29 90;
832 21 38 4 32 0 0 7 96;
833 14 38 4 33 0 0 6 83;
834 12 39 2 83 0 0 46 46;
835 24 39 3 0 0 0 28 59;
836 19 39 3 0 0 0 28 60;
837 22 39 3 0 0 0 29 47;
838 27 39 3 0 0 0 24 47;
839 31 39 3 0 0 0 28 54;
840 10 39 4 82 0 0 42 59;
841 17 40 1 0 0 0 23 56;
842 22 40 1 1 0 0 22 44;
843 29 40 1 1 0 0 22 53;
844 26 40 1 1 0 0 21 57;
845 10 40 2 82 0 0 45 39;
846 22 40 3 1 0 0 28 48;
847 29 40 3 1 0 0 28 52;
848 26 40 3 1 0 0 27 59;
849 17 40 3 1 0 0 28 48;
850 12 40 4 82 0 0 47 54;
851 21 41 1 1 0 0 29 47;
852 29 41 1 1 0 0 27 45;
853 24 41 1 1 0 0 28 54;
854 17 41 1 1 0 0 27 42;
855 12 41 2 82 0 0 46 53;
856 24 41 3 1 0 0 25 60;
857 27 41 3 1 0 0 18 44;
858 31 41 3 1 0 0 27 58;
859 22 41 3 1 0 0 29 46;
860 19 41 3 1 0 0 27 59;
861 10 41 4 82 0 0 42 51;
862 26 42 1 1 0 0 19 59;
863 22 42 1 1 0 0 23 49;
864 29 42 1 1 0 0 21 58;
865 17 42 1 1 0 0 22 48;
866 10 42 2 82 0 0 40 53;
867 29 42 3 0 0 0 26 57;
868 22 42 3 0 0 0 27 53;
869 17 42 3 1 0 0 20 47;
870 26 42 3 1 0 0 22 54;
871 12 42 4 82 0 0 41 56;
872 29 43 1 1 0 0 23 54;
873 21 43 1 1 0 0 25 52;
874 24 43 1 1 0 0 23 59;
875 17 43 1 1 0 0 21 49;
876 24 43 3 0 0 1 87 54;
877 27 43 3 0 0 1 86 40;
878 22 43 3 0 0 1 90 42;
879 31 43 3 0 0 1 87 52;
880 12 43 3 1 0 1 76 43;
881 19 43 3 1 0 1 78 51;
882 17 43 4 83 0 0 35 46;
883 22 43 4 100 0 0 38 36;
884 26 43 4 100 0 0 37 54;
885 29 43 4 100 0 0 39 40;
886 10 44 2 82 0 0 44 51;
887 17 44 2 99 0 0 22 47;
888 26 44 2 99 0 0 25 57;
889 22 44 2 99 0 0 28 51;
890 29 44 2 99 0 0 28 54;
891 12 44 4 82 0 0 43 51;
892 17 44 4 99 0 0 23 63;
893 21 44 4 99 0 0 33 51;
894 24 44 4 99 0 0 32 56;
895 29 44 4 99 0 0 32 40;
896 12 45 2 82 0 0 42 56;
897 24 45 2 99 0 0 26 56;
898 27 45 2 99 0 0 26 42;
899 22 45 2 99 0 0 28 42;
900 31 45 2 99 0 0 28 54;
901 19 45 2 99 0 0 27 59;
902 10 45 4 82 0 0 39 47;
903 17 45 4 99 0 0 21 53;
904 26 45 4 99 0 0 22 58;
905 22 45 4 99 0 0 24 53;
906 29 45 4 99 0 0 22 59;
907 10 46 2 82 0 0 43 49;
908 17 46 2 99 0 0 20 54;
909 26 46 2 99 0 0 22 58;
910 22 46 2 99 0 0 26 50;
911 29 46 2 99 0 0 24 60;
912 12 46 4 82 0 0 52 43;
913 29 47 1 0 1 0 98 47;
914 24 47 1 0 0 2 79 61;
915 21 47 1 0 1 0 98 55;
916 17 47 1 0 1 0 98 56;
917 29 47 1 0 0 0 41 47;
918 24 47 1 0 0 0 39 61;
919 21 47 1 0 0 0 43 55;
920 17 47 1 0 0 0 33 56;
921 34 47 3 0 0 0 82 66;
922 12 47 3 1 0 0 81 66;
923 24 47 3 1 0 1 91 70;
924 22 47 3 1 0 0 79 56;
925 31 47 3 1 0 0 79 66;
926 27 47 3 1 0 0 81 56;
927 12 47 3 99 0 0 90 81;
928 34 47 3 99 0 0 90 66;
929 24 47 3 99 0 1 99 66;
930 27 47 3 99 0 0 94 53;
931 22 47 3 99 0 0 84 54;
932 31 47 3 99 0 0 92 71;
933 17 47 4 99 0 1 94 65;
934 12 47 4 99 0 0 99 74;
935 21 47 4 99 0 1 90 77;
936 24 47 4 99 0 1 93 59;
937 29 47 4 99 13 2 24 60;
938 24 48 2 1 14 1 28 80;
939 21 48 2 1 1 0 36 86;
940 17 48 2 1 13 1 22 83;
941 23 48 2 97 0 0 92 72;
942 20 48 2 98 0 0 90 79;
943 16 48 2 98 0 0 92 84;
944 22 48 3 97 0 0 80 81;
945 15 48 3 97 0 0 77 93;
946 19 48 3 98 0 0 76 80;
947 21 49 1 0 4 1 24 61;
948 14 49 1 0 0 1 36 59;
949 18 49 1 0 0 1 38 66;
950 5 49 3 0 0 0 99 49;
951 9 49 3 0 0 0 99 49;
952 11 49 3 99 0 0 99 50;
953 7 49 3 99 0 0 99 50;
954 9 49 4 99 0 0 92 50;
955 2 49 4 99 0 0 93 50;
956 5 50 3 0 0 0 99 51;
957 9 50 3 0 0 0 99 51;
958 7 50 3 99 0 0 99 51;
959 4 50 3 99 0 0 99 51;
960 9 50 4 99 0 0 59 49;
961 2 50 4 99 0 0 63 49;
962 9 51 3 0 0 0 99 49;
963 5 51 3 0 0 0 99 49;
964 11 51 3 99 0 0 99 49;
965 7 51 3 99 0 0 97 49;
966 9 51 4 99 0 0 66 48;
967 2 51 4 99 0 0 67 48;
968 9 52 3 1 0 0 92 51;
969 5 52 3 1 0 0 88 51;
970 7 52 3 99 0 0 94 52;
971 4 52 3 99 0 0 94 52;
972 9 52 4 99 0 0 50 52;
973 2 52 4 99 0 0 51 52;
974 14 53 2 0 0 0 23 74;
975 21 53 2 0 0 0 45 76;
976 14 53 2 32 0 0 11 71;
977 21 53 2 32 0 3 90 76;
978 14 54 1 99 0 0 24 60;
979 21 54 1 99 0 0 42 74;
980 14 54 2 32 0 0 9 84;
981 21 54 2 32 0 3 93 73;
982 14 55 2 1 0 0 23 78;
983 21 55 2 1 0 0 40 85;
984 21 55 2 32 0 3 91 76;
985 14 55 2 32 0 0 10 69;
986 14 56 1 99 0 0 22 79;
987 21 56 1 99 0 0 50 79;
988 14 56 2 32 0 0 18 59;
989 21 56 2 32 0 3 90 79;
990 14 57 2 1 0 0 24 78;
991 21 57 2 1 0 0 47 69;
992 14 57 2 32 0 0 17 66;
993 21 57 2 32 0 3 91 76;
994 14 58 1 99 0 0 23 69;
995 21 58 1 99 0 0 49 81;
996 21 58 2 32 0 3 92 74;
997 14 58 2 32 0 0 18 71;
998 21 59 2 0 0 0 51 86;
999 14 59 2 1 0 0 24 81;
1000 14 59 2 32 0 0 18 72;
1001 21 59 2 32 0 3 91 74;
1002 14 60 1 99 0 0 24 77;
1003 21 60 1 99 0 0 48 78;
1004 21 60 2 32 2 0 98 74;
1005 14 60 2 32 0 0 16 67;
1006 10 61 2 82 0 0 42 59;
1007 17 61 3 0 0 2 29 56;
1008 22 61 3 1 0 0 22 44;
1009 29 61 3 1 0 2 28 53;
1010 26 61 3 1 0 0 21 57;
1011 10 61 4 82 0 0 45 39;
1012 22 62 1 1 0 0 28 48;
1013 29 62 1 1 0 2 27 52;
1014 26 62 1 1 0 0 27 59;
1015 17 62 1 1 0 2 27 48;
1016 12 62 2 82 0 0 47 54;
1017 21 62 3 1 2 0 25 47;
1018 29 62 3 1 1 0 21 45;
1019 24 62 3 1 0 2 25 54;
1020 17 62 3 1 1 0 22 42;
1021 12 62 4 82 0 0 46 53;
1022 24 63 1 1 1 2 23 60;
1023 27 63 1 1 0 0 18 44;
1024 31 63 1 1 0 0 27 58;
1025 22 63 1 1 0 0 29 46;
1026 19 63 1 1 0 0 27 59;
1027 10 63 2 82 0 0 42 51;
1028 26 63 3 1 0 0 19 59;
1029 22 63 3 1 0 0 23 49;
1030 29 63 3 1 0 2 25 58;
1031 17 63 3 1 0 2 20 48;
1032 10 63 4 82 0 0 40 53;
1033 29 64 1 0 0 2 24 57;
1034 22 64 1 0 0 0 27 53;
1035 17 64 1 1 0 2 21 47;
1036 26 64 1 1 0 0 22 54;
1037 12 64 2 82 0 0 41 56;
1038 29 64 3 1 1 0 38 54;
1039 21 64 3 1 2 0 31 52;
1040 24 64 3 1 0 3 86 59;
1041 17 64 3 1 1 0 17 49;
1042 24 65 1 0 1 2 31 54;
1043 27 65 1 0 0 1 86 40;
1044 22 65 1 0 0 1 90 42;
1045 31 65 1 0 0 1 87 52;
1046 12 65 1 1 0 1 75 43;
1047 19 65 1 1 0 1 77 51;
1048 17 65 2 83 0 2 38 46;
1049 22 65 2 99 0 0 38 36;
1050 26 65 2 99 0 0 37 54;
1051 29 65 2 99 0 2 28 40;
1052 10 65 4 82 0 0 44 51;
1053 17 65 4 99 0 2 23 47;
1054 26 65 4 99 0 0 25 57;
1055 22 65 4 99 0 0 28 51;
1056 29 65 4 99 0 2 32 54;
1057 12 66 2 82 0 0 43 51;
1058 17 66 2 99 1 0 21 63;
1059 21 66 2 99 2 0 41 51;
1060 24 66 2 99 0 2 26 56;
1061 29 66 2 99 1 0 22 40;
1062 12 66 4 82 0 0 42 56;
1063 24 66 4 99 56 0 0 0;
1064 27 66 4 99 0 0 26 42;
1065 22 66 4 99 0 0 28 42;
1066 31 66 4 99 0 0 28 54;
1067 19 66 4 99 0 0 27 59;
1068 10 67 2 82 0 0 39 47;
1069 17 67 2 99 0 2 20 53;
1070 26 67 2 99 0 0 22 58;
1071 22 67 2 99 0 0 24 53;
1072 29 67 2 99 0 2 24 59;
1073 10 67 4 82 0 0 43 49;
1074 17 67 4 99 0 2 38 54;
1075 26 67 4 99 0 0 22 58;
1076 22 67 4 99 0 0 26 50;
1077 29 67 4 99 60 0 0 0;
1078 12 68 2 82 0 0 52 43;
1079 21 68 3 1 60 0 0 0;
1080 17 68 3 2 63 0 0 0;
