0 3 1 1 0 3 3 0 80 sel4 52;
1 0 1 1 0 0 0 50 80 sel1 56;
2 1 1 2 0 0 1 0 80 sel2 66;
3 3 1 2 0 0 1 0 80 sel4 60;
4 3 1 3 0 0 1 0 80 sel4 70;
5 0 1 3 0 0 0 50 24 sel1 40;
6 1 1 4 0 0 1 0 80 sel2 46;
7 3 1 4 0 0 1 0 80 sel4 98;
8 3 2 1 0 0 1 0 80 sel4 46;
9 0 2 1 0 0 0 50 95 sel1 34;
10 1 2 2 0 0 1 0 80 sel2 32;
11 3 2 2 0 0 1 0 80 sel4 84;
12 3 2 3 0 0 1 0 80 sel4 100;
13 1 2 3 0 0 1 0 80 sel2 50;
14 0 2 4 0 0 0 50 72 sel1 79;
15 3 2 4 0 0 1 0 80 sel4 94;
16 1 3 1 0 0 1 0 72 sel2 25;
17 3 3 1 0 0 1 0 80 sel4 74;
18 3 3 2 0 0 1 0 80 sel4 102;
19 3 3 3 0 0 1 0 80 sel4 114;
20 0 3 3 0 0 0 50 25 sel1 54;
21 1 3 4 0 0 1 0 80 sel2 18;
22 1 3 4 0 0 1 0 80 sel2 18;
23 3 3 4 0 0 1 0 80 sel4 70;
24 3 4 1 0 0 1 0 80 sel4 124;
25 0 4 1 0 0 0 50 91 sel1 74;
26 1 4 2 0 0 1 0 80 sel2 33;
27 3 4 2 0 0 1 0 80 sel4 118;
28 3 4 3 0 0 1 0 80 sel4 32;
29 0 4 3 0 0 0 50 25 sel1 50;
30 1 4 3 50 0 0 25 80 sel2 70;
31 3 4 4 0 0 1 0 80 sel4 118;
